x,y,scalar
300.66666666666663,622.6666666666666,0.2
390.66666666666663,603.3333333333333,0.2
450.66666666666663,589.3333333333333,0.2
496.66666666666663,592.6666666666666,0.2
544.0,609.3333333333333,0.2
623.3333333333333,627.3333333333333,0.2
725.3333333333333,644.6666666666666,0.2
772.6666666666666,645.3333333333333,0.2
832.6666666666666,634.0,0.2
867.3333333333333,619.3333333333333,0.2
893.3333333333333,581.3333333333333,0.2
900.0,555.3333333333333,0.2
896.0,534.0,0.2
858.0,526.0,0.2
798.6666666666666,525.3333333333333,0.2
752.0,514.0,0.2
730.6666666666666,499.3333333333333,0.2
697.3333333333333,464.0,0.2
676.6666666666666,389.3333333333333,0.2
720.0,342.66666666666663,0.2
773.3333333333333,330.0,0.2
828.6666666666666,331.3333333333333,0.2
888.0,328.0,0.2
926.6666666666666,319.3333333333333,0.2
952.0,302.66666666666663,0.2
964.0,274.66666666666663,0.2
970.6666666666666,199.33333333333331,0.2
960.0,142.66666666666666,0.2
926.6666666666666,108.0,0.2
870.6666666666666,99.33333333333333,0.2
782.0,116.66666666666666,0.2
717.3333333333333,138.66666666666666,0.2
668.0,170.0,0.2
635.3333333333333,207.33333333333331,0.2
610.0,249.33333333333331,0.2
584.0,287.3333333333333,0.2
548.0,316.0,0.2
464.0,344.0,0.2
391.3333333333333,322.66666666666663,0.2
346.66666666666663,285.3333333333333,0.2
286.0,229.33333333333331,0.2
244.66666666666666,197.33333333333331,0.2
210.66666666666666,174.66666666666666,0.2
170.66666666666666,183.33333333333331,0.2
134.66666666666666,224.0,0.2
110.66666666666666,328.66666666666663,0.2
127.33333333333333,514.6666666666666,0.2
151.33333333333331,572.0,0.2
187.33333333333331,606.6666666666666,0.2
225.33333333333331,622.0,0.2
268.0,624.6666666666666,0.2
301.3333333333333,622.6666666666666,0.2
