x,y,scalar
4100.0,7410.0
5205.0,7155.0
7165.0,7650.0
9125.0,7760.0
10170.0,7370.0
10650.0,6495.0
10475.0,5660.0
9820.0,5400.0
8650.0,5255.0
8215.0,4710.0
8365.0,4290.0
9550.0,4250.0
10715.0,4085.0
11240.0,3525.0
11425.0,2555.0
11435.0,1575.0
10950.0,900.0
10265.0,635.0
9410.0,585.0
8300.0,915.0
7000.0,1610.0
6275.0,2585.0
5840.0,3100.0
5130.0,3245.0
4645.0,3155.0
3260.0,1850.0
2670.0,1500.0
2410.0,1430.0
2095.0,1430.0
1585.0,1615.0
1290.0,1885.0
1170.0,2035.0
770.0,3135.0
785.0,4970.0
895.0,5800.0
1185.0,6645.0
1395.0,6880.0
2030.0,7415.0
2955.0,7575.0
4100.0,7415.0
