x,y
2370.0,1972.5
4087.5,3435.0
4740.0,3750.0
5535.0,3787.5
6172.5,3540.0
6682.5,2992.5
7267.5,2137.5
8160.0,1545.0
9682.5,1117.5
10440.0,1230.0
10740.0,1537.5
10920.0,1845.0
10830.0,3075.0
10620.0,3457.5
10312.5,3615.0
9892.5,3675.0
9397.5,3675.0
8842.5,3705.0
8355.0,3757.5
8062.5,3877.5
7860.0,4020.0
7732.5,4327.5
7665.0,4650.0
7702.5,4965.0
7807.5,5250.0
8040.0,5520.0
8212.5,5677.5
8527.5,5842.5
8955.0,5917.5
9675.0,5977.5
10050.0,6022.5
10095.0,6210.0
10065.0,6442.5
9952.5,6660.0
9765.0,6922.5
9487.5,7050.0
9037.5,7200.0
8527.5,7252.5
7057.5,7042.5
5647.5,6690.0
5242.5,6585.0
4792.5,6652.5
3247.5,6975.0
2655.0,6967.5
2122.5,6832.5
1770.0,6457.5
1470.0,5835.0
1267.5,3780.0
1335.0,3195.0
1575.0,2415.0
1882.5,2107.5
2182.5,1980.0
2370.0,1972.5
