x,y
5117.64705882353,8532.35294117647
6820.588235294118,7870.588235294118
8082.35294117647,7694.117647058823
9247.05882352941,7958.823529411764
10164.70588235294,8091.176470588235
11029.411764705881,7738.235294117646
11461.764705882353,7076.470588235294
11611.764705882353,6335.294117647059
11523.529411764706,5514.7058823529405
10888.235294117647,4932.35294117647
10085.29411764706,4694.117647058823
9370.588235294119,4782.35294117647
8700.0,5170.588235294118
8161.764705882353,5497.058823529412
6997.058823529411,5708.823529411765
6114.7058823529405,5611.764705882353
5558.823529411765,5294.117647058823
5585.294117647059,4914.7058823529405
5894.117647058823,4570.588235294118
6670.588235294118,4385.2941176470595
8691.176470588236,4411.764705882353
9997.05882352941,4208.823529411765
10614.70588235294,3776.470588235294
11047.05882352941,2911.7647058823527
11064.70588235294,1764.7058823529412
10455.882352941177,847.0588235294117
9432.35294117647,397.05882352941177
8497.05882352941,247.05882352941174
7358.823529411764,538.2352941176471
6582.35294117647,1226.4705882352941
5894.117647058823,1773.5294117647059
5258.823529411765,1897.0588235294115
4561.764705882353,1755.8823529411764
3750.0,1270.5882352941176
2770.5882352941176,1094.1176470588236
1852.9411764705883,1235.2941176470588
1350.0,2135.294117647059
1155.8823529411764,2744.1176470588234
1297.0588235294117,3273.5294117647054
2064.705882352941,4014.7058823529414
2117.6470588235297,4182.35294117647
1985.2941176470588,4641.176470588235
1411.764705882353,5620.588235294118
1261.764705882353,6194.117647058823
1279.4117647058824,6785.294117647059
1579.4117647058822,7597.058823529411
2470.5882352941176,8364.70588235294
3644.117647058823,8664.70588235294
4755.882352941177,8602.94117647059
5117.64705882353,8532.35294117647
