x,y
2417.6470588235297,1764.7058823529412
3370.5882352941176,1835.2941176470588
4191.176470588235,2329.4117647058824
4932.35294117647,2550.0
6017.64705882353,2470.5882352941176
6741.176470588235,1994.1176470588234
7526.470588235294,1226.4705882352941
8417.64705882353,935.2941176470588
9185.29411764706,988.235294117647
10076.470588235294,1447.0588235294117
10394.117647058823,1950.0
10288.235294117647,2938.2352941176473
10005.882352941177,3450.0
9432.35294117647,3697.0588235294117
6202.941176470588,3802.941176470588
5629.411764705882,4023.5294117647054
5117.64705882353,4367.64705882353
4905.882352941177,5020.588235294118
4967.64705882353,5673.529411764705
5497.058823529412,6097.058823529412
6661.764705882353,6370.588235294118
7967.647058823529,6282.35294117647
9158.823529411764,5700.0
9732.35294117647,5364.7058823529405
10367.64705882353,5417.64705882353
10897.05882352941,5797.058823529412
10905.882352941177,6547.058823529411
10455.882352941177,7270.588235294118
9864.70588235294,7411.764705882353
8805.882352941177,7217.647058823529
7544.117647058823,7085.294117647059
6750.0,7261.764705882353
5638.235294117647,7597.058823529411
4747.058823529412,7914.7058823529405
3705.8823529411766,8002.941176470588
2876.470588235294,7791.176470588235
2338.2352941176473,7402.941176470588
1950.0,6864.7058823529405
1905.8823529411764,6097.058823529412
2382.3529411764703,5276.470588235295
2744.1176470588234,4464.7058823529405
2788.2352941176473,4032.3529411764703
2391.176470588235,3291.176470588235
1800.0,2770.5882352941176
2426.470588235294,1747.0588235294115
2426.470588235294,1094.1176470588236
