x,y
3045.0,1115.0
2985.0,1770.0
3305.0,1125.0
3305.0,1125.0
3305.0,1115.0
3210.0,1835.0
3660.0,1200.0
3410.0,1860.0
3880.0,1295.0
3555.0,1990.0
4120.0,1410.0
3820.0,2130.0
4350.0,1500.0
4160.0,2270.0
4630.0,1625.0
4490.0,2450.0
4960.0,1680.0
4895.0,2580.0
5345.0,1660.0
5440.0,2650.0
5740.0,1570.0
6095.0,2380.0
6085.0,1425.0
6660.0,2155.0
6615.0,1075.0
7155.0,1830.0
7100.0,665.0
7605.0,1530.0
7840.0,255.0
7995.0,1280.0
8610.0,150.0
8565.0,1295.0
9340.0,225.0
9090.0,1320.0
10030.0,385.0
9685.0,1480.0
10650.0,855.0
10045.0,1610.0
11250.0,1505.0
10260.0,1930.0
11315.0,2500.0
9950.0,2510.0
11050.0,3620.0
10005.0,3110.0
10185.0,4120.0
9665.0,3425.0
9360.0,4425.0
9140.0,3495.0
8605.0,4460.0
8630.0,3570.0
8085.0,4530.0
7850.0,3490.0
7550.0,4460.0
7415.0,3660.0
7040.0,4465.0
6705.0,3575.0
6610.0,4475.0
6155.0,3680.0
6265.0,4580.0
5710.0,3820.0
5890.0,4740.0
4980.0,4510.0
5725.0,5170.0
4860.0,5295.0
5700.0,5015.0
4765.0,4935.0
6165.0,4640.0
5185.0,4070.0
5700.0,5295.0
5075.0,5735.0
5970.0,5405.0
5315.0,6090.0
6240.0,5500.0
5765.0,6325.0
6725.0,5540.0
6650.0,6530.0
7185.0,5505.0
7515.0,6525.0
7720.0,5440.0
8115.0,6190.0
8275.0,5270.0
9035.0,6175.0
9105.0,4810.0
9405.0,5725.0
9905.0,4670.0
9885.0,5430.0
10650.0,4655.0
10455.0,5930.0
11475.0,5250.0
10660.0,5815.0
11645.0,5845.0
10840.0,6015.0
11680.0,6700.0
10640.0,6600.0
11245.0,7540.0
10480.0,7000.0
10405.0,8075.0
10125.0,7155.0
9330.0,8155.0
9440.0,7060.0
8475.0,7900.0
8615.0,6975.0
7795.0,7840.0
7510.0,6940.0
6895.0,8145.0
6535.0,6960.0
5880.0,8270.0
5655.0,7285.0
4915.0,8550.0
4885.0,7675.0
4320.0,8700.0
4355.0,7660.0
3505.0,8675.0
3795.0,7770.0
2775.0,8545.0
3305.0,7565.0
1965.0,8135.0
2770.0,7440.0
1535.0,7645.0
2335.0,7140.0
1150.0,6665.0
2100.0,6610.0
1150.0,5925.0
2280.0,6025.0
1510.0,5105.0
2605.0,5530.0
1795.0,4535.0
2855.0,4815.0
1905.0,3970.0
2990.0,3585.0
1580.0,3570.0
2255.0,3025.0
1100.0,2750.0
2115.0,2815.0
1110.0,2445.0
1950.0,2660.0
1310.0,1885.0
2155.0,2270.0
1640.0,1380.0
2430.0,2035.0
1210.0,3135.0
2015.0,2935.0
1245.0,2160.0
1975.0,2495.0
1500.0,1605.0
2270.0,2095.0
2080.0,1090.0
2465.0,1825.0
