x,y
3982.5,2460.0
3547.5,2865.0
4155.0,2565.0
3615.0,3007.5
4297.5,2662.5
3727.5,3150.0
4417.5,2797.5
3960.0,3277.5
4612.5,2895.0
4162.5,3517.5
4785.0,2932.5
4522.5,3742.5
4972.5,2985.0
4972.5,3915.0
5227.5,3015.0
5295.0,3982.5
5542.5,2992.5
5632.5,3960.0
5752.5,2902.5
5970.0,3870.0
5932.5,2752.5
6427.5,3712.5
6120.0,2535.0
6735.0,3390.0
6315.0,2197.5
7057.5,3022.5
6510.0,1860.0
7252.5,2557.5
6825.0,1530.0
7627.5,2205.0
7380.0,1117.5
8115.0,1905.0
7920.0,885.0
8647.5,1740.0
8437.5,652.5
9045.0,1425.0
9097.5,442.5
9562.5,1342.5
9802.5,435.0
10035.0,1312.5
10425.0,472.5
10395.0,1455.0
11190.0,787.5
10567.5,1627.5
11610.0,1552.5
10702.5,1882.5
11625.0,2370.0
10680.0,2407.5
11767.5,3015.0
10665.0,2970.0
11475.0,3750.0
10507.5,3217.5
10260.0,4380.0
9840.0,3405.0
9435.0,4455.0
9202.5,3360.0
10920.0,4320.0
10297.5,3337.5
8850.0,4485.0
8490.0,3525.0
8482.5,4605.0
7785.0,3817.5
8400.0,4732.5
7417.5,4417.5
8565.0,4875.0
7635.0,5355.0
8902.5,5055.0
8505.0,5917.5
9360.0,5130.0
9075.0,6187.5
8760.0,4980.0
8092.5,5775.0
9937.5,5205.0
9585.0,6090.0
10507.5,5437.5
9817.5,6180.0
10860.0,5752.5
9832.5,6397.5
10957.5,6277.5
9825.0,6562.5
10867.5,7132.5
9555.0,6787.5
9960.0,7680.0
9202.5,6900.0
9150.0,7935.0
8632.5,7012.5
8122.5,7950.0
8002.5,6990.0
7485.0,7905.0
7410.0,6742.5
6915.0,7777.5
6795.0,6727.5
6075.0,7537.5
6052.5,6427.5
5182.5,7492.5
5107.5,6442.5
4545.0,7665.0
4050.0,6502.5
3622.5,7702.5
3375.0,6675.0
2497.5,7732.5
2887.5,6645.0
1680.0,7432.5
2505.0,6667.5
1057.5,6705.0
2257.5,6457.5
645.0,6127.5
2212.5,5895.0
450.0,5542.5
1800.0,5430.0
217.5,5002.5
1837.5,4890.0
307.5,4432.5
1687.5,4410.0
247.5,3952.5
1725.0,4027.5
307.5,3457.5
1680.0,3585.0
427.5,2977.5
1710.0,3187.5
562.5,2490.0
1717.5,2775.0
570.0,2002.5
1920.0,2422.5
1035.0,1702.5
1957.5,2250.0
1597.5,1350.0
2332.5,2115.0
2445.0,1237.5
2700.0,2205.0
2985.0,1492.5
2940.0,2557.5
3330.0,1680.0
3075.0,2700.0
1987.5,1207.5
2535.0,2122.5
10500.0,1477.5
10807.5,457.5
10702.5,1687.5
11542.5,1102.5
7380.0,2430.0
6645.0,1590.0
4725.0,3967.5
4905.0,2880.0
4260.0,3817.5
4717.5,2895.0
