x,y
3457.5,2760.0
3847.5,2377.5
4492.5,3007.5
4680.0,3135.0
5017.5,3240.0
5430.0,3202.5
5745.0,3082.5
5992.5,2910.0
6285.0,2542.5
6832.5,1732.5
7545.0,1185.0
8887.5,667.5
9930.0,555.0
10852.5,787.5
11385.0,1417.5
11512.5,1867.5
11430.0,2992.5
11287.5,3585.0
10867.5,4080.0
10140.0,4305.0
8557.5,4290.0
8310.0,4410.0
8242.5,4687.5
8317.5,4897.5
8445.0,5070.0
8610.0,5190.0
9045.0,5310.0
10095.0,5430.0
10440.0,5572.5
10635.0,5865.0
10672.5,6210.0
10605.0,6667.5
10402.5,7117.5
9855.0,7620.0
8685.0,7822.5
8422.5,7830.0
7230.0,7725.0
5295.0,7200.0
5077.5,7200.0
3360.0,7590.0
2640.0,7605.0
1912.5,7455.0
1080.0,6637.5
720.0,5302.5
697.5,3112.5
1177.5,1830.0
1830.0,1387.5
2445.0,1320.0
3217.5,1725.0
3840.0,2370.0
